00000000001000000000010000010011
00000000000100000000010100010011
00000000001000000000010110010011
11111111111000000000010010010011
00000000101101010010011000110011
00000000100101011001010001100011
00000000100101010011011010110011
00000000100101010010011100110011
00000000101101000000010001100011
00000000001111101000011110010111
00000010101011111000100000110111
00000000101101001100010001100011
00000011001001010000100010010011
00000100110101001100101000010011
11111111111001010010100100010011
00000000101101000101010001100011
00000000010101010011100110010011
00000100110101001100101000010011
00000100110101001110101010010011
00000000101001011101010001100011
00000011010001001111101100010011
01000000101001011101110000110011
00000000100101010110010001100011
01000000101101001101101110110011
01000000101001011101110000110011
00000000101001001111010001100011
00000000010110001001110010010011
00000000001010001101110100010011
01000000101010000101110110010011
00000000000000000000000000010011